0 0
0 0
2 0
2 0
0 1
2 0
2 0
2 0
3 0
3 0
2 1
3 1
4 1
5 1
0 1
0 1
0 1
3 0
0 1
0 1
3 0
3 0
3 0
0 2
0 2
5 1
5 1
5 0
5 0
5 0
1 0
2 0
5 0
1 1
5 1
0 2
0 2
0 2
0 2
0 2
0 2
10 1
10 1
5 1
5 1
5 1
5 1
5 1
5 1
5 1
10 0
10 0
10 0
10 0
1 0
4 0
5 0
1 1
1 1
1 1
5 0
5 1
5 1
5 1
6 1
7 1
10 1
0 2
10 1
0 2
0 2
0 2
30 1
40 2
50 3
50 3
5 0
0 5
0 5
5 0
2 2
4 4
4 4
4 4
4 4
4 4
4 4
4 4
4 4
1 4
0 4
3 4
6 3
12 2
16 2
12 3
18 5
12 6
12 6
19 5
34 88
13 91
38 89
33 95
45 92
45 86
27 90
53 91
17 94
22 95
17 186
60 177
24 182
65 185
4 193
1 199
4 193
67 181
33 186
66 186
3 196
50 182
69 183
7 189
32 186
9 195
33 193
93 195
47 176
29 186
148 185
274 175
153 190
107 189
384 180
433 186
375 184
167 183
129 184
540 193
792 187
599 186
320 181
7 197
42 196
341 183
191 180
737 171
206 183
449 181
36 195
198 191
377 190
309 185
536 190
918 188
759 185
874 194
21 199
38 187
144 187
375 195
565 181
245 180
254 183
15 195
66 192
178 184
799 185
0 200
168 187
377 187
959 195
548 187
607 183
267 194
18 199
139 184
123 194
581 184
431 174
993 197
600 175
798 197
169 193
436 192
94 190
216 185
610 188
627 189
757 183
261 190
998 198
151 192
90 198
176 196
911 193
245 192
588 184
715 184
784 186
5 198
555 183
541 190
340 183
949 192
443 188
338 179
913 188
32 195
392 180
379 176
981 196
775 190
382 185
732 193
476 189
925 190
178 186
502 181
555 181
298 186
695 178
284 186
714 185
17 195
233 187
144 189
459 188
693 187
215 960
487 963
133 962
243 967
544 965
843 970
249 966
908 974
724 976
576 964
10680983 973
11511251 974
15001297 967
41040928 974
11537563 972
37756402 977
31856243 977
43526826 971
3948446 978
19953171 953
28988607 976
5454764 951
35397149 967
10561526 984
13981828 972
2088705 994
33094099 967
37820056 982
21391237 937
33837557 983
