100
7   11  20
49  40  8
11  13  19
40  43  28
31  46  23
14  47  33
17  7   23
20  16  49
8   37  19
31  19  44
21  25  24
38  46  42
23  44  15
3   41  27
48  31  20
9   6   14
35  49  4
47  31  19
17  33  5
49  50  16
27  30  41
26  2   36
8   20  25
23  16  34
34  1   31
27  10  1
27  37  31
24  15  45
42  12  38
5   1   30
42  19  35
47  21  22
7   3   36
3   33  12
5   32  22
9   21  46
20  27  31
29  15  11
30  38  2
25  15  43
44  38  25
47  34  21
41  9   10
24  30  42
45  14  12
36  34  22
40  27  46
24  1   43
1   6   41
6   40  31
38  4   11
1   22  2
25  17  41
38  42  25
18  10  41
3   49  39
18  39  25
8   18  10
13  27  35
21  14  10
8   29  4
1   13  22
44  17  9
11  30  49
48  33  9
23  40  36
24  2   11
7   21  42
41  7   7
41  33  38
13  3   9
26  3   36
39  10  20
31  23  6
42  13  43
10  43  27
39  34  45
12  7   49
38  19  35
23  20  28
50  26  39
5   37  25
30  42  20
28  45  38
15  40  16
4   31  34
5   4   41
35  30  39
42  34  42
44  15  34
5   26  41
26  34  19
12  35  33
44  41  36
5   33  45
41  12  40
39  33  10
46  20  36
42  34  31
22  34  44
